[2755, [64, 8, 8, 4, 4000000, 4000000]]
[5591, [128, 8, 8, 4, 4000000, 4000000]]
[7166, [256, 8, 8, 4, 4000000, 4000000]]
[8170, [512, 8, 8, 4, 4000000, 4000000]]
[6691, [1024, 8, 4, 9, 1000000, 1000000]]
[5151, [1280, 8, 4, 9, 4000000, 4000000]]
[5121, [1518, 8, 4, 4, 4000000, 1000000]]

[654, [64, 8, 8, 4, 1000000, 4000000]]
[895, [128, 8, 8, 4, 1000000, 1000000]]
[1202, [256, 8, 4, 4, 1000000, 1000000]]
[1494, [512, 8, 4, 4, 4000000, 4000000]]
[1237, [1024, 8, 4, 4, 1000000, 4000000]]
[1619, [1280, 8, 4, 9, 4000000, 4000000]]
[1609, [1518, 8, 4, 9, 4000000, 1000000]]
